2014 2015 2016 2017 2018 2019 2020 2021 2022 2023 2024 2025 2026 2027 2028 2029 2030 2031 2032 2033 2034 2035 2036 2037 2038 2039 2040 2041 2042 2043
Electricity 1.00 1.00 1.01 1.02 1.01 1.01 1.01 1.02 1.01 1.00 0.99 1.00 1.00 1.00 0.99 0.99 0.99 1.00 1.01 1.01 1.01 1.03 1.04 1.05 1.07 1.08 1.10 1.11 1.11 1.11
Distillate.Oil 0.88 0.85 0.86 0.88 0.90 0.92 0.93 0.95 0.97 0.98 1.00 1.02 1.03 1.05 1.07 1.08 1.10 1.11 1.13 1.15 1.17 1.19 1.21 1.24 1.26 1.28 1.30 1.32 1.35 1.37
Residual.Oil 0.74 0.67 0.68 0.69 0.71 0.72 0.73 0.75 0.77 0.79 0.81 0.83 0.84 0.86 0.88 0.90 0.92 0.94 0.96 0.99 1.00 1.03 1.05 1.07 1.09 1.12 1.15 1.17 1.20 1.23
Natural.Gas 1.01 1.01 1.06 1.11 1.17 1.21 1.23 1.26 1.29 1.32 1.34 1.34 1.35 1.36 1.37 1.38 1.39 1.41 1.43 1.46 1.49 1.53 1.57 1.62 1.68 1.71 1.74 1.77 1.80 1.83
Coal 1.01 1.03 1.05 1.05 1.06 1.07 1.08 1.09 1.10 1.11 1.12 1.13 1.14 1.17 1.18 1.20 1.22 1.24 1.26 1.28 1.30 1.32 1.34 1.36 1.38 1.40 1.42 1.43 1.44 1.45




